{
  "nbformat": 4,
  "nbformat_minor": 0,
  "metadata": {
    "colab": {
      "provenance": [],
      "authorship_tag": "ABX9TyPQngvStMH3d4kCJIEg3vDy",
      "include_colab_link": true
    },
    "kernelspec": {
      "name": "python3",
      "display_name": "Python 3"
    },
    "language_info": {
      "name": "python"
    }
  },
  "cells": [
    {
      "cell_type": "markdown",
      "metadata": {
        "id": "view-in-github",
        "colab_type": "text"
      },
      "source": [
        "<a href=\"https://colab.research.google.com/github/codewithpradeep14/Minor_course_projects_and_labs/blob/main/Mod3_lab1_pradeep.ipynb\" target=\"_parent\"><img src=\"https://colab.research.google.com/assets/colab-badge.svg\" alt=\"Open In Colab\"/></a>"
      ]
    },
    {
      "cell_type": "markdown",
      "source": [
        "FOUNDATIONS OF MODERN MACHINE LEARNING, IIIT Hyderabad\n",
        "\n",
        "MODULE 3: CLASSIFICATION-1\n",
        "\n",
        "LAB-1 : Understanding Distance metrics and Introduction to KNN\n",
        "\n",
        "Name:- Pradeep Sahu"
      ],
      "metadata": {
        "id": "K5JB5zO6wjXo"
      }
    },
    {
      "cell_type": "code",
      "source": [
        "# Importing Required Libraries\n",
        "import numpy as np\n",
        "import pandas as pd\n",
        "import math\n",
        "from scipy.spatial import distance\n",
        "import matplotlib.pyplot as plt"
      ],
      "metadata": {
        "id": "ygxE6pdlwuQl"
      },
      "execution_count": 1,
      "outputs": []
    },
    {
      "cell_type": "code",
      "source": [
        "# Simple 2D example\n",
        "x_1 = np.array((1, 2))\n",
        "x_2 = np.array((4, 6))"
      ],
      "metadata": {
        "id": "6MK9zVtdwxf4"
      },
      "execution_count": 2,
      "outputs": []
    },
    {
      "cell_type": "code",
      "source": [
        "# Naive approach to calculating Euclidean distance (not-vectorized)\n",
        "sumv = 0\n",
        "for i in range(len(x_1)):\n",
        "  sumv += ((x_1[i]-x_2[i])**2)\n",
        "dist = math.sqrt(sumv)\n",
        "print(dist)"
      ],
      "metadata": {
        "colab": {
          "base_uri": "https://localhost:8080/"
        },
        "id": "kPnlAX7sw2oj",
        "outputId": "867074b1-2a5c-46d8-f192-b7a2a98c03a6"
      },
      "execution_count": 3,
      "outputs": [
        {
          "output_type": "stream",
          "name": "stdout",
          "text": [
            "5.0\n"
          ]
        }
      ]
    },
    {
      "cell_type": "code",
      "source": [
        "# Libraries such as SciPy provide functions to compute different kinds of distance metrics between points\n",
        "euclidean_dist = distance.euclidean(x_1, x_2)\n",
        "print(euclidean_dist)"
      ],
      "metadata": {
        "colab": {
          "base_uri": "https://localhost:8080/"
        },
        "id": "xRhRrRohw3pS",
        "outputId": "e0b9c4ba-4f24-49c4-8761-00c8cf7df2a5"
      },
      "execution_count": 5,
      "outputs": [
        {
          "output_type": "stream",
          "name": "stdout",
          "text": [
            "5.0\n"
          ]
        }
      ]
    },
    {
      "cell_type": "code",
      "source": [
        "# 3-D Visualization\n",
        "plotx = np.linspace(-10,10,50)\n",
        "meshx, meshy = np.meshgrid(plotx,plotx)"
      ],
      "metadata": {
        "id": "yjBLj7W0w70i"
      },
      "execution_count": 4,
      "outputs": []
    },
    {
      "cell_type": "code",
      "source": [
        "tempeuclid = np.sqrt((meshx**2 + meshy**2))"
      ],
      "metadata": {
        "id": "HGp_-KPIw9cI"
      },
      "execution_count": 6,
      "outputs": []
    },
    {
      "cell_type": "code",
      "source": [
        "import plotly.graph_objects as go\n",
        "\n",
        "fig = go.Figure(data=[go.Surface(z=tempeuclid, x=plotx, y=plotx)])\n",
        "fig.update_layout(title='Euclidean Distance from origin', autosize=False,\n",
        "                  width=1000, height=1000,\n",
        "                  margin=dict(l=65, r=50, b=65, t=90))\n",
        "fig.show()"
      ],
      "metadata": {
        "colab": {
          "base_uri": "https://localhost:8080/",
          "height": 1000
        },
        "id": "LPxtv5M8xD0C",
        "outputId": "1bd03081-6afd-4925-c547-e59ff04d44be"
      },
      "execution_count": 7,
      "outputs": [
        {
          "output_type": "display_data",
          "data": {
            "text/html": [
              "<html>\n",
              "<head><meta charset=\"utf-8\" /></head>\n",
              "<body>\n",
              "    <div>            <script src=\"https://cdnjs.cloudflare.com/ajax/libs/mathjax/2.7.5/MathJax.js?config=TeX-AMS-MML_SVG\"></script><script type=\"text/javascript\">if (window.MathJax && window.MathJax.Hub && window.MathJax.Hub.Config) {window.MathJax.Hub.Config({SVG: {font: \"STIX-Web\"}});}</script>                <script type=\"text/javascript\">window.PlotlyConfig = {MathJaxConfig: 'local'};</script>\n",
              "        <script charset=\"utf-8\" src=\"https://cdn.plot.ly/plotly-2.24.1.min.js\"></script>                <div id=\"e397123d-df51-409e-80c6-669a7c0bbee2\" class=\"plotly-graph-div\" style=\"height:1000px; width:1000px;\"></div>            <script type=\"text/javascript\">                                    window.PLOTLYENV=window.PLOTLYENV || {};                                    if (document.getElementById(\"e397123d-df51-409e-80c6-669a7c0bbee2\")) {                    Plotly.newPlot(                        \"e397123d-df51-409e-80c6-669a7c0bbee2\",                        [{\"x\":[-10.0,-9.591836734693878,-9.183673469387756,-8.775510204081632,-8.36734693877551,-7.959183673469388,-7.551020408163265,-7.142857142857142,-6.73469387755102,-6.326530612244898,-5.918367346938775,-5.5102040816326525,-5.1020408163265305,-4.6938775510204085,-4.285714285714286,-3.8775510204081627,-3.4693877551020407,-3.0612244897959187,-2.6530612244897958,-2.244897959183673,-1.8367346938775508,-1.4285714285714288,-1.020408163265305,-0.612244897959183,-0.204081632653061,0.204081632653061,0.612244897959183,1.0204081632653068,1.4285714285714288,1.8367346938775508,2.2448979591836746,2.6530612244897966,3.0612244897959187,3.4693877551020407,3.8775510204081627,4.2857142857142865,4.6938775510204085,5.1020408163265305,5.510204081632654,5.918367346938776,6.326530612244898,6.73469387755102,7.142857142857142,7.551020408163264,7.95918367346939,8.367346938775512,8.775510204081634,9.183673469387756,9.591836734693878,10.0],\"y\":[-10.0,-9.591836734693878,-9.183673469387756,-8.775510204081632,-8.36734693877551,-7.959183673469388,-7.551020408163265,-7.142857142857142,-6.73469387755102,-6.326530612244898,-5.918367346938775,-5.5102040816326525,-5.1020408163265305,-4.6938775510204085,-4.285714285714286,-3.8775510204081627,-3.4693877551020407,-3.0612244897959187,-2.6530612244897958,-2.244897959183673,-1.8367346938775508,-1.4285714285714288,-1.020408163265305,-0.612244897959183,-0.204081632653061,0.204081632653061,0.612244897959183,1.0204081632653068,1.4285714285714288,1.8367346938775508,2.2448979591836746,2.6530612244897966,3.0612244897959187,3.4693877551020407,3.8775510204081627,4.2857142857142865,4.6938775510204085,5.1020408163265305,5.510204081632654,5.918367346938776,6.326530612244898,6.73469387755102,7.142857142857142,7.551020408163264,7.95918367346939,8.367346938775512,8.775510204081634,9.183673469387756,9.591836734693878,10.0],\"z\":[[14.142135623730951,13.856526691239148,13.577181533452977,13.304494704495202,13.038883955072071,12.780790458654021,12.53067872082347,12.289036095775181,12.056371826728105,11.833215521897326,11.620114975907558,11.417633249550502,11.226344930183728,11.046831512428048,10.87967586551987,10.7254557905885,10.584736718277503,10.458063653321597,10.34595253521353,10.248881248563036,10.167280577209102,10.101525445522107,10.051926821244695,10.018724660109044,10.002082248851302,10.002082248851302,10.018724660109044,10.051926821244695,10.101525445522107,10.167280577209102,10.248881248563036,10.34595253521353,10.458063653321597,10.584736718277503,10.7254557905885,10.87967586551987,11.046831512428048,11.226344930183728,11.417633249550502,11.62011497590756,11.833215521897326,12.056371826728105,12.289036095775181,12.530678720823468,12.780790458654023,13.038883955072071,13.304494704495202,13.577181533452977,13.856526691239148,14.142135623730951],[13.856526691239148,13.564905598272546,13.279427334691789,13.000496578475907,12.728543779194021,12.464025701716304,12.2074256561128,11.959253325700908,11.720044094172433,11.490357763476938,11.270776548150266,11.06190223091237,10.864352370780544,10.678755470980516,10.50574504182347,10.345952535213533,10.199999183346776,10.068486843709396,9.951988032846213,9.851035417262997,9.766111113473796,9.697636220829978,9.645961059670592,9.61135660352377,9.594007570239313,9.594007570239313,9.61135660352377,9.645961059670592,9.697636220829978,9.766111113473796,9.851035417262997,9.951988032846213,10.068486843709396,10.199999183346776,10.345952535213533,10.50574504182347,10.678755470980516,10.864352370780544,11.06190223091237,11.270776548150268,11.490357763476938,11.720044094172433,11.959253325700908,12.2074256561128,12.464025701716304,12.728543779194021,13.000496578475909,13.279427334691789,13.564905598272546,13.856526691239148],[13.577181533452977,13.279427334691789,12.987675572814139,12.702339852730969,12.423862249162795,12.152714229354618,11.889397276432252,11.634443113256511,11.388413410860169,11.151898850868777,10.925517399448305,10.70991164359341,10.50574504182347,10.313696953872064,10.134456341171541,9.968714074954951,9.817153853718935,9.680441816841977,9.559215043779894,9.45406924236773,9.365546045374503,9.294120438151593,9.240188916466753,9.204059007167087,9.185940763205632,9.185940763205632,9.204059007167087,9.240188916466753,9.294120438151593,9.365546045374503,9.454069242367732,9.559215043779894,9.680441816841977,9.817153853718935,9.968714074954951,10.134456341171541,10.313696953872064,10.50574504182347,10.70991164359341,10.925517399448305,11.151898850868777,11.388413410860169,11.634443113256511,11.889397276432252,12.152714229354618,12.423862249162797,12.702339852730969,12.987675572814139,13.279427334691789,13.577181533452977],[13.304494704495202,13.000496578475907,12.702339852730969,12.410445547355732,12.125265940826896,11.847285937714279,11.5770241662717,11.315033694391111,11.06190223091237,10.81825165771312,10.584736718277501,10.362042673294779,10.150881726894603,9.951988032846211,9.766111113473794,9.594007570239313,9.436431038119911,9.294120438151591,9.167786712333143,9.05809837598863,8.965666382240324,8.891028943180393,8.83463707016872,8.796841658062165,8.7778829255537,8.7778829255537,8.796841658062165,8.83463707016872,8.891028943180393,8.965666382240324,9.058098375988632,9.167786712333143,9.294120438151591,9.436431038119911,9.594007570239313,9.766111113473794,9.951988032846211,10.150881726894603,10.362042673294779,10.584736718277503,10.81825165771312,11.06190223091237,11.315033694391111,11.5770241662717,11.84728593771428,12.125265940826898,12.410445547355733,12.702339852730969,13.000496578475907,13.304494704495202],[13.038883955072071,12.728543779194021,12.423862249162795,12.125265940826896,11.833215521897326,11.548207633302129,11.270776548150266,11.001495487300861,10.740977442400625,10.489875327262364,10.248881248563036,10.018724660109042,9.800169145749361,9.594007570239313,9.40105535206614,9.222141655261227,9.058098375988632,8.909746919568601,8.777882925553701,8.663259296649438,8.56656810686341,8.488422180851192,8.429337317576891,8.389716241263047,8.36983536914689,8.36983536914689,8.389716241263047,8.429337317576891,8.488422180851192,8.56656810686341,8.66325929664944,8.777882925553701,8.909746919568601,9.058098375988632,9.222141655261227,9.40105535206614,9.594007570239313,9.800169145749361,10.018724660109044,10.248881248563036,10.489875327262364,10.740977442400625,11.001495487300861,11.270776548150264,11.54820763330213,11.833215521897326,12.125265940826898,12.423862249162795,12.728543779194021,13.038883955072071],[12.780790458654021,12.464025701716304,12.152714229354618,11.847285937714279,11.548207633302129,11.255985496438921,10.971167392420908,10.694344903325634,10.426154917914124,10.167280577209103,9.918451330794177,9.680441816841977,9.45406924236773,9.240188916466753,9.039687587898001,8.85347427080974,8.682468320890877,8.527584659500482,8.389716241263047,8.269714118104003,8.168365753546736,8.086372553534265,8.024327857688775,7.982696822697121,7.961799674747413,7.961799674747413,7.982696822697121,8.024327857688776,8.086372553534265,8.168365753546736,8.269714118104003,8.389716241263049,8.527584659500482,8.682468320890877,8.85347427080974,9.039687587898001,9.240188916466753,9.45406924236773,9.680441816841979,9.918451330794177,10.167280577209103,10.426154917914124,10.694344903325634,10.971167392420908,11.255985496438921,11.54820763330213,11.84728593771428,12.152714229354618,12.464025701716304,12.780790458654021],[12.53067872082347,12.2074256561128,11.889397276432252,11.5770241662717,11.270776548150266,10.971167392420908,10.678755470980514,10.39414822714028,10.118004290808605,9.851035417262997,9.594007570239313,9.347740808652071,9.113107576231064,8.891028943180395,8.682468320890877,8.488422180851192,8.309907376123402,8.147944807215154,8.003539408623501,7.877656761477054,7.771197046799906,7.684967503576624,7.619654980650804,7.575800487049218,7.553777764621121,7.553777764621121,7.575800487049218,7.619654980650804,7.684967503576624,7.771197046799906,7.877656761477055,8.003539408623501,8.147944807215154,8.309907376123402,8.488422180851192,8.682468320890877,8.891028943180395,9.113107576231064,9.347740808652071,9.594007570239313,9.851035417262997,10.118004290808605,10.39414822714028,10.678755470980512,10.97116739242091,11.270776548150268,11.577024166271702,11.889397276432252,12.2074256561128,12.53067872082347],[12.289036095775181,11.959253325700908,11.634443113256511,11.315033694391111,11.001495487300861,10.694344903325634,10.39414822714028,10.101525445522107,9.817153853718933,9.541771206172212,9.276178103970214,9.0212392266532,8.777882925553701,8.547098608723235,8.32993127835043,8.127472551730563,7.940847534017845,7.771197046799906,7.619654980650804,7.487320950140465,7.375228979425572,7.284313590846835,7.215375318230077,7.169048191938896,7.145772000004733,7.145772000004733,7.169048191938896,7.215375318230077,7.284313590846835,7.375228979425572,7.487320950140466,7.619654980650804,7.771197046799906,7.940847534017845,8.127472551730563,8.32993127835043,8.547098608723235,8.777882925553701,9.021239226653202,9.276178103970214,9.541771206172212,9.817153853718933,10.101525445522107,10.39414822714028,10.694344903325636,11.001495487300861,11.315033694391111,11.634443113256511,11.959253325700908,12.289036095775181],[12.056371826728105,11.720044094172433,11.388413410860169,11.06190223091237,10.740977442400625,10.426154917914124,10.118004290808605,9.817153853718933,9.524295420063702,9.240188916466751,8.965666382240325,8.70163494095014,8.449078181422225,8.209055249436231,7.98269682269712,7.771197046799906,7.575800487049218,7.397783249139534,7.238427694272734,7.098990665684116,6.980665867953905,6.8845419565032655,6.811558885011688,6.762465928890159,6.737785313967011,6.737785313967011,6.762465928890159,6.811558885011688,6.8845419565032655,6.980665867953905,7.098990665684117,7.238427694272734,7.397783249139534,7.575800487049218,7.771197046799906,7.982696822697121,8.209055249436231,8.449078181422225,8.701634940950141,8.965666382240325,9.240188916466751,9.524295420063702,9.817153853718933,10.118004290808603,10.426154917914126,10.740977442400627,11.06190223091237,11.388413410860169,11.720044094172433,12.056371826728105],[11.833215521897326,11.490357763476938,11.151898850868777,10.81825165771312,10.489875327262364,10.167280577209103,9.851035417262997,9.541771206172212,9.240188916466751,8.947065394605296,8.66325929664944,8.389716241263047,8.127472551730563,7.877656761477055,7.641487847693492,7.420268964366467,7.215375318230078,7.028234839886761,6.860300536314944,6.713013960570828,6.587760159824072,6.485815747783961,6.40829325228881,6.356086327509159,6.329821395620745,6.329821395620745,6.356086327509159,6.40829325228881,6.485815747783961,6.587760159824072,6.713013960570828,6.860300536314944,7.028234839886761,7.215375318230078,7.420268964366467,7.641487847693492,7.877656761477055,8.127472551730563,8.389716241263049,8.66325929664944,8.947065394605296,9.240188916466751,9.541771206172212,9.851035417262995,10.167280577209103,10.489875327262366,10.818251657713121,11.151898850868777,11.490357763476938,11.833215521897326],[11.620114975907558,11.270776548150266,10.925517399448305,10.584736718277501,10.248881248563036,9.918451330794177,9.594007570239313,9.276178103970214,8.965666382240325,8.66325929664944,8.36983536914689,8.086372553534265,7.813954987378223,7.553777764621121,7.307148485701288,7.075484009534577,6.860300536314943,6.663194986658983,6.485815747783961,6.329821395620743,6.196827122730194,6.088340363337264,6.005689375331494,5.949950913107449,5.92188495042731,5.92188495042731,5.949950913107449,6.005689375331494,6.088340363337264,6.196827122730194,6.329821395620744,6.485815747783961,6.663194986658983,6.860300536314943,7.075484009534577,7.307148485701288,7.553777764621121,7.813954987378223,8.086372553534265,8.36983536914689,8.66325929664944,8.965666382240325,9.276178103970214,9.594007570239311,9.918451330794179,10.248881248563038,10.584736718277503,10.925517399448305,11.270776548150266,11.620114975907558],[11.417633249550502,11.06190223091237,10.70991164359341,10.362042673294779,10.018724660109042,9.680441816841977,9.347740808652071,9.0212392266532,8.70163494095014,8.389716241263047,8.086372553534265,7.792605343688482,7.509538568560856,7.238427694272734,6.980665867953905,6.73778531396701,6.511451483079108,6.303447025094082,6.115642475008856,5.949950913107449,5.808265090105186,5.69237782897198,5.6038898847942775,5.544113349880051,5.513982075961753,5.513982075961753,5.544113349880051,5.6038898847942775,5.69237782897198,5.808265090105186,5.9499509131074495,6.115642475008856,6.303447025094082,6.511451483079108,6.73778531396701,6.980665867953905,7.238427694272734,7.509538568560856,7.792605343688483,8.086372553534265,8.389716241263047,8.70163494095014,9.0212392266532,9.34774080865207,9.680441816841979,10.018724660109044,10.362042673294779,10.70991164359341,11.06190223091237,11.417633249550502],[11.226344930183728,10.864352370780544,10.50574504182347,10.150881726894603,9.800169145749361,9.45406924236773,9.113107576231064,8.777882925553701,8.449078181422225,8.127472551730563,7.813954987378223,7.509538568560856,7.215375318230077,6.9327705108012365,6.663194986658982,6.408293252288808,6.169884268502439,5.9499509131074495,5.7506133892266815,5.5740817484684335,5.4225837777903765,5.298267341121294,5.203081136319168,5.138644208985376,5.106120817631348,5.106120817631348,5.138644208985376,5.203081136319168,5.298267341121294,5.4225837777903765,5.574081748468434,5.750613389226682,5.9499509131074495,6.169884268502439,6.408293252288808,6.663194986658983,6.9327705108012365,7.215375318230077,7.509538568560858,7.8139549873782235,8.127472551730563,8.449078181422225,8.777882925553701,9.113107576231062,9.454069242367732,9.800169145749363,10.150881726894603,10.50574504182347,10.864352370780544,11.226344930183728],[11.046831512428048,10.678755470980516,10.313696953872064,9.951988032846211,9.594007570239313,9.240188916466753,8.891028943180395,8.547098608723235,8.209055249436231,7.877656761477055,7.553777764621121,7.238427694272734,6.9327705108012365,6.6381452927716715,6.356086327509158,6.088340363337265,5.836877406561262,5.603889884794278,5.391773393315472,5.2030811363191685,5.040444504174886,4.906455216396453,4.803511141199927,4.733638165201307,4.698312013559731,4.698312013559731,4.733638165201307,4.803511141199927,4.906455216396453,5.040444504174886,5.203081136319169,5.391773393315472,5.603889884794278,5.836877406561262,6.088340363337265,6.356086327509159,6.6381452927716715,6.9327705108012365,7.238427694272736,7.553777764621122,7.877656761477055,8.209055249436231,8.547098608723235,8.891028943180393,9.240188916466753,9.594007570239315,9.951988032846213,10.313696953872064,10.678755470980516,11.046831512428048],[10.87967586551987,10.50574504182347,10.134456341171541,9.766111113473794,9.40105535206614,9.039687587898001,8.682468320890877,8.32993127835043,7.98269682269712,7.641487847693492,7.307148485701288,6.980665867953905,6.663194986658982,6.356086327509158,6.0609152673132645,5.779511125920936,5.513982075961753,5.2667297553322205,5.040444504174885,4.838069220869264,4.662718228079943,4.5175395145262565,4.405516968351612,4.329225190938046,4.290570620740539,4.290570620740539,4.329225190938046,4.405516968351613,4.5175395145262565,4.662718228079943,4.838069220869265,5.040444504174886,5.2667297553322205,5.513982075961753,5.779511125920936,6.0609152673132645,6.356086327509158,6.663194986658982,6.980665867953907,7.307148485701289,7.641487847693492,7.98269682269712,8.32993127835043,8.682468320890875,9.039687587898001,9.401055352066141,9.766111113473796,10.134456341171541,10.50574504182347,10.87967586551987],[10.7254557905885,10.345952535213533,9.968714074954951,9.594007570239313,9.222141655261227,8.85347427080974,8.488422180851192,8.127472551730563,7.771197046799906,7.420268964366467,7.075484009534577,6.73778531396701,6.408293252288808,6.088340363337265,5.779511125920936,5.483685241854857,5.203081136319168,4.940293239555185,4.69831201355973,4.480509877571458,4.290570620740538,4.132338108431957,4.009567898854796,3.9255885840145592,3.882917875600091,3.882917875600091,3.9255885840145592,4.009567898854796,4.132338108431957,4.290570620740538,4.48050987757146,4.69831201355973,4.940293239555185,5.203081136319168,5.483685241854857,5.779511125920938,6.088340363337265,6.408293252288808,6.737785313967012,7.075484009534579,7.420268964366467,7.771197046799906,8.127472551730563,8.488422180851192,8.853474270809741,9.222141655261229,9.594007570239315,9.968714074954951,10.345952535213533,10.7254557905885],[10.584736718277503,10.199999183346776,9.817153853718935,9.436431038119911,9.058098375988632,8.682468320890877,8.309907376123402,7.940847534017845,7.575800487049218,7.215375318230078,6.860300536314943,6.511451483079108,6.169884268502439,5.836877406561262,5.513982075961753,5.203081136319168,4.906455216396452,4.626850632144748,4.367537665108713,4.132338108431957,3.9255885840145597,3.75199516547964,3.6163357442182344,3.5229952044147077,3.475384972638041,3.475384972638041,3.5229952044147077,3.616335744218235,3.75199516547964,3.9255885840145597,4.1323381084319575,4.367537665108714,4.626850632144748,4.906455216396452,5.203081136319168,5.513982075961754,5.836877406561262,6.169884268502439,6.51145148307911,6.860300536314944,7.215375318230078,7.575800487049218,7.940847534017845,8.3099073761234,8.682468320890878,9.058098375988633,9.436431038119913,9.817153853718935,10.199999183346776,10.584736718277503],[10.458063653321597,10.068486843709396,9.680441816841977,9.294120438151591,8.909746919568601,8.527584659500482,8.147944807215154,7.771197046799906,7.397783249139534,7.028234839886761,6.663194986658983,6.303447025094082,5.9499509131074495,5.603889884794278,5.2667297553322205,4.940293239555185,4.626850632144748,4.329225190938047,4.050904743118205,3.796137803620056,3.56997054786447,3.3781521137238473,3.2268139389473256,3.121848681791501,3.068019669055696,3.068019669055696,3.121848681791501,3.2268139389473265,3.3781521137238473,3.56997054786447,3.796137803620057,4.050904743118206,4.329225190938047,4.626850632144748,4.940293239555185,5.2667297553322205,5.603889884794278,5.9499509131074495,6.303447025094083,6.663194986658984,7.028234839886761,7.397783249139534,7.771197046799906,8.147944807215154,8.527584659500484,8.909746919568603,9.294120438151593,9.680441816841977,10.068486843709396,10.458063653321597],[10.34595253521353,9.951988032846213,9.559215043779894,9.167786712333143,8.777882925553701,8.389716241263047,8.003539408623501,7.619654980650804,7.238427694272734,6.860300536314944,6.485815747783961,6.115642475008856,5.7506133892266815,5.391773393315472,5.040444504174885,4.69831201355973,4.367537665108713,4.050904743118205,3.7519951654796397,3.4753849726380404,3.2268139389473256,3.0132291959660003,2.8425282198334934,2.722788584515578,2.66089894089904,2.66089894089904,2.722788584515578,2.842528219833494,3.0132291959660003,3.2268139389473256,3.4753849726380417,3.75199516547964,4.050904743118205,4.367537665108713,4.69831201355973,5.040444504174886,5.391773393315472,5.7506133892266815,6.1156424750088565,6.4858157477839615,6.860300536314944,7.238427694272734,7.619654980650804,8.0035394086235,8.389716241263049,8.777882925553703,9.167786712333145,9.559215043779894,9.951988032846213,10.34595253521353],[10.248881248563036,9.851035417262997,9.45406924236773,9.05809837598863,8.663259296649438,8.269714118104003,7.877656761477054,7.487320950140465,7.098990665684116,6.713013960570828,6.329821395620743,5.949950913107449,5.5740817484684335,5.2030811363191685,4.838069220869264,4.480509877571458,4.132338108431957,3.796137803620056,3.4753849726380404,3.1747651400212327,2.9005449803167127,2.66089894089904,2.465927749713177,2.326888622651301,2.2541553096300526,2.2541553096300526,2.326888622651301,2.4659277497131775,2.66089894089904,2.9005449803167127,3.174765140021234,3.4753849726380412,3.796137803620056,4.132338108431957,4.480509877571458,4.838069220869265,5.2030811363191685,5.5740817484684335,5.94995091310745,6.329821395620745,6.713013960570828,7.098990665684116,7.487320950140465,7.877656761477053,8.269714118104005,8.66325929664944,9.058098375988632,9.45406924236773,9.851035417262997,10.248881248563036],[10.167280577209102,9.766111113473796,9.365546045374503,8.965666382240324,8.56656810686341,8.168365753546736,7.771197046799906,7.375228979425572,6.980665867953905,6.587760159824072,6.196827122730194,5.808265090105186,5.4225837777903765,5.040444504174886,4.662718228079943,4.290570620740538,3.9255885840145597,3.56997054786447,3.2268139389473256,2.9005449803167127,2.5975351145628274,2.326888622651302,2.1011490083646933,1.9360883633683952,1.8480377832933501,1.8480377832933501,1.9360883633683952,2.101149008364694,2.326888622651302,2.5975351145628274,2.900544980316714,3.2268139389473265,3.56997054786447,3.9255885840145597,4.290570620740538,4.662718228079944,5.040444504174886,5.4225837777903765,5.808265090105187,6.196827122730196,6.587760159824072,6.980665867953905,7.375228979425572,7.771197046799905,8.168365753546738,8.566568106863413,8.965666382240325,9.365546045374503,9.766111113473796,10.167280577209102],[10.101525445522107,9.697636220829978,9.294120438151593,8.891028943180393,8.488422180851192,8.086372553534265,7.684967503576624,7.284313590846835,6.8845419565032655,6.485815747783961,6.088340363337264,5.69237782897198,5.298267341121294,4.906455216396453,4.5175395145262565,4.132338108431957,3.75199516547964,3.3781521137238473,3.0132291959660003,2.66089894089904,2.326888622651302,2.020305089104422,1.7555765851107399,1.5542394093599814,1.4430750636460157,1.4430750636460157,1.5542394093599814,1.7555765851107408,2.020305089104422,2.326888622651302,2.6608989408990413,3.0132291959660007,3.3781521137238473,3.75199516547964,4.132338108431957,4.517539514526257,4.906455216396453,5.298267341121294,5.692377828971982,6.088340363337265,6.485815747783961,6.8845419565032655,7.284313590846835,7.684967503576623,8.086372553534266,8.488422180851193,8.891028943180395,9.294120438151593,9.697636220829978,10.101525445522107],[10.051926821244695,9.645961059670592,9.240188916466753,8.83463707016872,8.429337317576891,8.024327857688775,7.619654980650804,7.215375318230077,6.811558885011688,6.40829325228881,6.005689375331494,5.6038898847942775,5.203081136319168,4.803511141199927,4.405516968351612,4.009567898854796,3.6163357442182344,3.2268139389473256,2.8425282198334934,2.465927749713177,2.1011490083646933,1.7555765851107399,1.443075063646014,1.1899901826214887,1.0406162272638326,1.0406162272638326,1.1899901826214887,1.443075063646015,1.7555765851107399,2.1011490083646933,2.4659277497131784,2.8425282198334942,3.2268139389473256,3.6163357442182344,4.009567898854796,4.405516968351613,4.803511141199927,5.203081136319168,5.603889884794278,6.005689375331495,6.40829325228881,6.811558885011688,7.215375318230077,7.619654980650803,8.024327857688776,8.429337317576893,8.834637070168721,9.240188916466753,9.645961059670592,10.051926821244695],[10.018724660109044,9.61135660352377,9.204059007167087,8.796841658062165,8.389716241263047,7.982696822697121,7.575800487049218,7.169048191938896,6.762465928890159,6.356086327509159,5.949950913107449,5.544113349880051,5.138644208985376,4.733638165201307,4.329225190938046,3.9255885840145592,3.5229952044147077,3.121848681791501,2.722788584515578,2.326888622651301,1.9360883633683952,1.5542394093599814,1.1899901826214887,0.8658450381876083,0.6453627877894645,0.6453627877894645,0.8658450381876083,1.1899901826214903,1.5542394093599814,1.9360883633683952,2.326888622651303,2.722788584515579,3.121848681791501,3.5229952044147077,3.9255885840145592,4.329225190938047,4.733638165201307,5.138644208985376,5.544113349880052,5.94995091310745,6.356086327509159,6.762465928890159,7.169048191938896,7.575800487049217,7.982696822697123,8.389716241263049,8.796841658062167,9.204059007167087,9.61135660352377,10.018724660109044],[10.002082248851302,9.594007570239313,9.185940763205632,8.7778829255537,8.36983536914689,7.961799674747413,7.553777764621121,7.145772000004733,6.737785313967011,6.329821395620745,5.92188495042731,5.513982075961753,5.106120817631348,4.698312013559731,4.290570620740539,3.882917875600091,3.475384972638041,3.068019669055696,2.66089894089904,2.2541553096300526,1.8480377832933501,1.4430750636460157,1.0406162272638326,0.6453627877894645,0.28861501272920276,0.28861501272920276,0.6453627877894645,1.0406162272638342,1.4430750636460157,1.8480377832933501,2.2541553096300544,2.660898940899041,3.068019669055696,3.475384972638041,3.882917875600091,4.29057062074054,4.698312013559731,5.106120817631348,5.513982075961755,5.921884950427311,6.329821395620745,6.737785313967011,7.145772000004733,7.55377776462112,7.9617996747474145,8.369835369146891,8.777882925553701,9.185940763205632,9.594007570239313,10.002082248851302],[10.002082248851302,9.594007570239313,9.185940763205632,8.7778829255537,8.36983536914689,7.961799674747413,7.553777764621121,7.145772000004733,6.737785313967011,6.329821395620745,5.92188495042731,5.513982075961753,5.106120817631348,4.698312013559731,4.290570620740539,3.882917875600091,3.475384972638041,3.068019669055696,2.66089894089904,2.2541553096300526,1.8480377832933501,1.4430750636460157,1.0406162272638326,0.6453627877894645,0.28861501272920276,0.28861501272920276,0.6453627877894645,1.0406162272638342,1.4430750636460157,1.8480377832933501,2.2541553096300544,2.660898940899041,3.068019669055696,3.475384972638041,3.882917875600091,4.29057062074054,4.698312013559731,5.106120817631348,5.513982075961755,5.921884950427311,6.329821395620745,6.737785313967011,7.145772000004733,7.55377776462112,7.9617996747474145,8.369835369146891,8.777882925553701,9.185940763205632,9.594007570239313,10.002082248851302],[10.018724660109044,9.61135660352377,9.204059007167087,8.796841658062165,8.389716241263047,7.982696822697121,7.575800487049218,7.169048191938896,6.762465928890159,6.356086327509159,5.949950913107449,5.544113349880051,5.138644208985376,4.733638165201307,4.329225190938046,3.9255885840145592,3.5229952044147077,3.121848681791501,2.722788584515578,2.326888622651301,1.9360883633683952,1.5542394093599814,1.1899901826214887,0.8658450381876083,0.6453627877894645,0.6453627877894645,0.8658450381876083,1.1899901826214903,1.5542394093599814,1.9360883633683952,2.326888622651303,2.722788584515579,3.121848681791501,3.5229952044147077,3.9255885840145592,4.329225190938047,4.733638165201307,5.138644208985376,5.544113349880052,5.94995091310745,6.356086327509159,6.762465928890159,7.169048191938896,7.575800487049217,7.982696822697123,8.389716241263049,8.796841658062167,9.204059007167087,9.61135660352377,10.018724660109044],[10.051926821244695,9.645961059670592,9.240188916466753,8.83463707016872,8.429337317576891,8.024327857688776,7.619654980650804,7.215375318230077,6.811558885011688,6.40829325228881,6.005689375331494,5.6038898847942775,5.203081136319168,4.803511141199927,4.405516968351613,4.009567898854796,3.616335744218235,3.2268139389473265,2.842528219833494,2.4659277497131775,2.101149008364694,1.7555765851107408,1.443075063646015,1.1899901826214903,1.0406162272638342,1.0406162272638342,1.1899901826214903,1.4430750636460163,1.7555765851107408,2.101149008364694,2.4659277497131793,2.8425282198334947,3.2268139389473265,3.616335744218235,4.009567898854796,4.4055169683516135,4.803511141199927,5.203081136319168,5.603889884794279,6.005689375331495,6.40829325228881,6.811558885011688,7.215375318230077,7.619654980650803,8.024327857688778,8.429337317576893,8.834637070168721,9.240188916466753,9.645961059670592,10.051926821244695],[10.101525445522107,9.697636220829978,9.294120438151593,8.891028943180393,8.488422180851192,8.086372553534265,7.684967503576624,7.284313590846835,6.8845419565032655,6.485815747783961,6.088340363337264,5.69237782897198,5.298267341121294,4.906455216396453,4.5175395145262565,4.132338108431957,3.75199516547964,3.3781521137238473,3.0132291959660003,2.66089894089904,2.326888622651302,2.020305089104422,1.7555765851107399,1.5542394093599814,1.4430750636460157,1.4430750636460157,1.5542394093599814,1.7555765851107408,2.020305089104422,2.326888622651302,2.6608989408990413,3.0132291959660007,3.3781521137238473,3.75199516547964,4.132338108431957,4.517539514526257,4.906455216396453,5.298267341121294,5.692377828971982,6.088340363337265,6.485815747783961,6.8845419565032655,7.284313590846835,7.684967503576623,8.086372553534266,8.488422180851193,8.891028943180395,9.294120438151593,9.697636220829978,10.101525445522107],[10.167280577209102,9.766111113473796,9.365546045374503,8.965666382240324,8.56656810686341,8.168365753546736,7.771197046799906,7.375228979425572,6.980665867953905,6.587760159824072,6.196827122730194,5.808265090105186,5.4225837777903765,5.040444504174886,4.662718228079943,4.290570620740538,3.9255885840145597,3.56997054786447,3.2268139389473256,2.9005449803167127,2.5975351145628274,2.326888622651302,2.1011490083646933,1.9360883633683952,1.8480377832933501,1.8480377832933501,1.9360883633683952,2.101149008364694,2.326888622651302,2.5975351145628274,2.900544980316714,3.2268139389473265,3.56997054786447,3.9255885840145597,4.290570620740538,4.662718228079944,5.040444504174886,5.4225837777903765,5.808265090105187,6.196827122730196,6.587760159824072,6.980665867953905,7.375228979425572,7.771197046799905,8.168365753546738,8.566568106863413,8.965666382240325,9.365546045374503,9.766111113473796,10.167280577209102],[10.248881248563036,9.851035417262997,9.454069242367732,9.058098375988632,8.66325929664944,8.269714118104003,7.877656761477055,7.487320950140466,7.098990665684117,6.713013960570828,6.329821395620744,5.9499509131074495,5.574081748468434,5.203081136319169,4.838069220869265,4.48050987757146,4.1323381084319575,3.796137803620057,3.4753849726380417,3.174765140021234,2.900544980316714,2.6608989408990413,2.4659277497131784,2.326888622651303,2.2541553096300544,2.2541553096300544,2.326888622651303,2.4659277497131793,2.6608989408990413,2.900544980316714,3.1747651400212353,3.4753849726380426,3.796137803620057,4.1323381084319575,4.48050987757146,4.838069220869265,5.203081136319169,5.574081748468434,5.94995091310745,6.329821395620745,6.713013960570828,7.098990665684117,7.487320950140466,7.877656761477054,8.269714118104005,8.663259296649441,9.058098375988633,9.454069242367732,9.851035417262997,10.248881248563036],[10.34595253521353,9.951988032846213,9.559215043779894,9.167786712333143,8.777882925553701,8.389716241263049,8.003539408623501,7.619654980650804,7.238427694272734,6.860300536314944,6.485815747783961,6.115642475008856,5.750613389226682,5.391773393315472,5.040444504174886,4.69831201355973,4.367537665108714,4.050904743118206,3.75199516547964,3.4753849726380412,3.2268139389473265,3.0132291959660007,2.8425282198334942,2.722788584515579,2.660898940899041,2.660898940899041,2.722788584515579,2.8425282198334947,3.0132291959660007,3.2268139389473265,3.4753849726380426,3.751995165479641,4.050904743118206,4.367537665108714,4.69831201355973,5.040444504174886,5.391773393315472,5.750613389226682,6.115642475008857,6.4858157477839615,6.860300536314944,7.238427694272734,7.619654980650804,8.0035394086235,8.38971624126305,8.777882925553703,9.167786712333145,9.559215043779894,9.951988032846213,10.34595253521353],[10.458063653321597,10.068486843709396,9.680441816841977,9.294120438151591,8.909746919568601,8.527584659500482,8.147944807215154,7.771197046799906,7.397783249139534,7.028234839886761,6.663194986658983,6.303447025094082,5.9499509131074495,5.603889884794278,5.2667297553322205,4.940293239555185,4.626850632144748,4.329225190938047,4.050904743118205,3.796137803620056,3.56997054786447,3.3781521137238473,3.2268139389473256,3.121848681791501,3.068019669055696,3.068019669055696,3.121848681791501,3.2268139389473265,3.3781521137238473,3.56997054786447,3.796137803620057,4.050904743118206,4.329225190938047,4.626850632144748,4.940293239555185,5.2667297553322205,5.603889884794278,5.9499509131074495,6.303447025094083,6.663194986658984,7.028234839886761,7.397783249139534,7.771197046799906,8.147944807215154,8.527584659500484,8.909746919568603,9.294120438151593,9.680441816841977,10.068486843709396,10.458063653321597],[10.584736718277503,10.199999183346776,9.817153853718935,9.436431038119911,9.058098375988632,8.682468320890877,8.309907376123402,7.940847534017845,7.575800487049218,7.215375318230078,6.860300536314943,6.511451483079108,6.169884268502439,5.836877406561262,5.513982075961753,5.203081136319168,4.906455216396452,4.626850632144748,4.367537665108713,4.132338108431957,3.9255885840145597,3.75199516547964,3.6163357442182344,3.5229952044147077,3.475384972638041,3.475384972638041,3.5229952044147077,3.616335744218235,3.75199516547964,3.9255885840145597,4.1323381084319575,4.367537665108714,4.626850632144748,4.906455216396452,5.203081136319168,5.513982075961754,5.836877406561262,6.169884268502439,6.51145148307911,6.860300536314944,7.215375318230078,7.575800487049218,7.940847534017845,8.3099073761234,8.682468320890878,9.058098375988633,9.436431038119913,9.817153853718935,10.199999183346776,10.584736718277503],[10.7254557905885,10.345952535213533,9.968714074954951,9.594007570239313,9.222141655261227,8.85347427080974,8.488422180851192,8.127472551730563,7.771197046799906,7.420268964366467,7.075484009534577,6.73778531396701,6.408293252288808,6.088340363337265,5.779511125920936,5.483685241854857,5.203081136319168,4.940293239555185,4.69831201355973,4.480509877571458,4.290570620740538,4.132338108431957,4.009567898854796,3.9255885840145592,3.882917875600091,3.882917875600091,3.9255885840145592,4.009567898854796,4.132338108431957,4.290570620740538,4.48050987757146,4.69831201355973,4.940293239555185,5.203081136319168,5.483685241854857,5.779511125920938,6.088340363337265,6.408293252288808,6.737785313967012,7.075484009534579,7.420268964366467,7.771197046799906,8.127472551730563,8.488422180851192,8.853474270809741,9.222141655261229,9.594007570239315,9.968714074954951,10.345952535213533,10.7254557905885],[10.87967586551987,10.50574504182347,10.134456341171541,9.766111113473794,9.40105535206614,9.039687587898001,8.682468320890877,8.32993127835043,7.982696822697121,7.641487847693492,7.307148485701288,6.980665867953905,6.663194986658983,6.356086327509159,6.0609152673132645,5.779511125920938,5.513982075961754,5.2667297553322205,5.040444504174886,4.838069220869265,4.662718228079944,4.517539514526257,4.405516968351613,4.329225190938047,4.29057062074054,4.29057062074054,4.329225190938047,4.4055169683516135,4.517539514526257,4.662718228079944,4.838069220869